BaseDirectory: "/Volumes/SSD_8TB"
Mapping: "../mapping/mapping_KEK.root"
AUX:
  DWC:
    CENTER: [-5.24, -8.416, -2.834, -9.524] # 1X, 1Y, 2X, 2Y
    CALIB: [0.180654, 0.217961, -0.180342, -0.0994697, 0.181416, -0.00911072, -0.17822, -0.0489771]
    POSCUT: 5 #mm
    CORR: 4 #mm
    
ModuleConfig:
  trg1: [80, 230]
  trg2: [80, 230]
  VETO: [100, 200]
  trg1NIM: [100, 200]
  trg2NIM: [100, 200]
  VETONIM: [100, 200]
  COIN: [200, 900]
  WCX: [400, 800]
  WCY: [400, 800]
  NIM: [400, 800]
  T1-S: [150, 350]
  T2-S: [150, 350]
  T3-S: [150, 350]
  T4-S: [150, 350]
  T5-S: [150, 350]
  T6-S: [150, 350]
  T7-S: [150, 350]
  T8-S: [150, 350]
  T9-S: [150, 350]
  T1-C: [150, 310]
  T2-C: [150, 310]
  T3-C: [150, 310]
  T4-C: [150, 310]
  T5-C: [150, 310]
  T6-C: [150, 310]
  T7-C: [150, 310]
  T8-C: [150, 310]
  T9-C: [150, 310]